0,0,1,1,0,1/371519
1,0,0,0,0,0/719818
0,0,1,0,0,0/1044897
1,1,0,0,0,0/1369977
0,0,1,0,0,0/1718276
1,0,0,0,0,1/2043356
0,0,0,0,0,1/2368435
0,1,0,1,0,0/2716734
0,0,1,0,1,0/3041814
0,0,1,0,0,1/3366893
0,1,0,0,1,0/3715192
0,1,0,0,0,0/4040272
1,0,0,1,0,0/4365351
0,1,0,0,0,0/4690430
0,1,0,1,0,0/5038730
1,0,1,0,0,0/5363809
0,1,0,1,0,0/5665668
0,0,1,0,0,0/5990748
1,0,1,0,0,0/6339047
0,1,0,1,0,0/6664126
1,0,0,0,0,1/6989206
1,1,0,0,0,0/7314285
0,0,0,1,0,1/7662585
0,0,1,0,1,0/7987664
1,0,1,0,0,0/8312743
0,0,1,0,0,0/8661043
0,0,1,0,0,1/8986122
1,1,0,0,0,0/9311201
0,1,0,1,0,0/9636281
1,0,0,0,0,1/9984580
0,1,0,0,0,0/10309659
0,1,0,1,0,0/10634739
0,0,1,0,0,0/10959818
1,0,1,0,0,0/11284897
0,0,0,1,0,0/11633197
1,0,0,0,0,0/11981496
0,0,0,1,0,0/12306575
0,1,0,0,0,0/12631655
0,0,0,1,0,0/12956734
1,0,0,0,0,0/13281814
0,0,0,0,1,0/13630113
0,1,0,1,0,0/13955192
0,0,0,1,0,0/14280272
0,0,0,0,0,1/14628571
1,0,1,0,0,0/14953650
0,0,1,0,0,1/15278730
0,0,0,1,0,0/15627029
0,0,1,0,0,0/15952108
1,0,0,0,0,0/16277188
0,1,0,0,1,0/16602267
1,0,1,0,0,0/16950566
1,0,0,0,0,1/17275646
0,1,0,0,1,0/17600725
1,0,0,1,0,0/17949024
0,0,0,1,1,0/18274104
0,1,0,0,0,0/18599183
0,0,1,0,1,0/18924263
1,0,0,0,0,0/19249342
0,0,1,0,0,0/19597641
0,0,1,0,1,0/19922721
0,1,0,0,1,0/20247800
0,0,1,0,0,0/20596099
1,0,0,1,0,0/20921179
0,0,0,1,1,0/21246258
0,0,0,1,0,0/21594557
0,0,0,1,0,1/21919637
0,1,0,0,0,0/22244716
0,0,0,1,1,0/22569795
0,0,0,0,0,1/22894875
1,0,1,0,0,0/23243174
1,0,0,0,0,1/23568253
0,0,0,0,1,0/23893333
1,0,1,0,0,0/24218412
1,0,0,1,0,0/24566712
0,0,0,1,0,1/24891791
1,1,0,0,0,0/25216870
1,0,1,0,0,0/25565170
1,0,0,0,0,1/25890249
0,0,1,0,0,1/26215328
0,0,0,0,0,1/26563628
1,1,0,0,0,0/26888707
0,1,0,1,0,0/27213786
1,0,0,0,0,1/27538866
0,1,0,0,0,0/27863945
0,0,1,0,0,0/28212244
0,0,0,1,0,0/28537324
0,1,0,0,0,0/28885623
0,0,1,0,1,0/29210702
1,0,0,0,0,0/29535782
0,1,0,0,1,0/29860861
1,0,0,0,0,1/30209160
1,0,0,0,0,0/30534240
0,0,0,1,0,1/30859319
0,0,0,0,0,1/31184399
0,0,0,1,1,0/31532698
0,0,0,0,0,1/31857777
0,0,1,0,0,1/32182857
1,1,0,0,0,0/32531156
0,0,0,0,0,1/32856235
0,1,0,1,0,0/33181315
0,0,0,0,0,1/33506394
0,1,0,1,0,0/33854693
0,1,0,0,1,0/34179773
0,1,0,1,0,0/34504852
0,0,1,0,1,0/34853151
0,0,1,0,0,0/35178231
1,0,1,0,0,0/35503310
0,0,0,1,0,0/35851609
0,1,0,0,0,0/36176689
0,0,1,0,1,0/36501768
0,0,1,0,0,1/36826848
0,0,1,0,1,0/37175147
1,0,0,0,0,0/37500226
0,0,1,0,1,0/37825306
0,0,1,0,0,1/38173605