0,1,1,0,1,0/1346757
0,1,0,1,0,0/1764716
0,0,0,0,0,1/2182675
0,1,0,0,1,0/2577414
0,0,0,1,1,0/2972154
1,0,1,0,0,0/3366893
0,0,1,0,0,0/3668752
0,1,0,1,0,0/4063492
0,0,0,0,1,0/4458231
0,0,1,0,0,1/4852970
1,0,0,0,0,1/5270929
0,0,0,0,1,0/5665668
0,1,0,0,1,0/6060408
0,0,1,0,0,0/6478367
0,1,0,1,0,0/6965986
1,1,0,0,0,0/7360725
0,0,1,0,1,0/7755464
0,0,0,1,1,0/8173424
0,1,0,1,0,0/8568163
1,1,0,0,0,0/8962902
1,0,0,1,0,0/9380861
0,0,0,1,0,0/9775600
1,0,0,0,0,1/10170340
0,0,1,0,0,1/10565079
0,0,0,1,0,0/10959818
0,0,1,0,0,1/11354557
0,1,0,0,1,0/11679637
0,0,0,1,0,1/12074376
1,0,0,1,0,0/12469115
0,0,1,0,1,0/12863854
0,1,0,0,1,0/13258594
0,0,0,0,0,1/13653333
0,0,0,1,0,1/14024852
0,1,0,0,0,0/14396371
0,0,0,1,0,0/14767891
1,1,0,0,0,0/15162630
0,1,0,0,1,0/15557369
0,0,1,0,1,0/15952108
1,1,0,0,0,0/16346848
0,0,0,1,0,0/16764807
0,1,0,0,0,0/17159546
0,1,0,0,1,0/17531065
0,0,1,0,0,0/17949024
0,0,0,0,1,0/18366984
1,0,0,0,0,0/18761723
0,0,0,0,0,1/19156462
1,0,0,0,0,0/19574421
0,0,0,1,0,0/19969160
0,0,1,0,1,0/20363900
0,0,0,0,1,0/20735419
1,1,0,0,0,0/21130158
0,0,0,1,1,0/21548117
0,0,1,0,1,0/21966077
1,0,0,0,0,0/22360816
1,0,0,0,0,1/22778775
0,1,0,1,0,0/23173514
0,0,1,0,1,0/23568253
0,0,1,0,0,1/23939773
0,0,0,1,0,1/24334512
1,0,0,0,0,1/24752471
0,0,0,1,1,0/25170430
1,0,0,1,0,0/25565170
0,0,1,0,0,0/25959909
0,0,0,1,0,1/26354648
1,1,0,0,0,0/26749387
0,0,0,0,0,1/27144126
0,0,1,0,1,0/27538866
1,0,0,0,0,0/27956825
0,0,1,0,1,0/28351564
1,1,0,0,0,0/28769523
0,0,1,0,0,1/29164263
1,0,0,0,0,0/29559002
0,1,0,0,0,0/29953741
1,0,1,0,0,0/30348480
0,0,1,0,0,0/30766439
1,0,0,0,0,0/31161179
0,0,0,1,0,1/31555918
0,0,1,0,1,0/31950657
1,0,0,0,0,1/32368616
0,1,0,0,1,0/32763356
0,0,0,1,0,1/33158095
1,0,0,0,0,1/33552834
0,0,1,0,0,0/33970793
1,0,1,0,0,0/34365532
0,0,0,1,0,1/34760272
1,0,0,0,0,1/35155011
0,0,0,1,0,1/35572970
1,1,0,0,0,0/35967709
0,1,0,0,1,0/36362448
1,0,0,0,0,0/36757188
1,1,0,0,0,0/37151927
1,0,0,0,0,0/37569886
0,0,0,0,1,0/37964625
0,0,1,0,0,0/38359365
1,0,0,0,0,0/38754104
0,0,1,0,0,0/39172063
0,1,0,1,0,0/39566802
0,0,0,0,0,1/39961541
0,1,0,0,0,0/40356281
0,0,1,0,0,1/40751020
0,0,1,0,1,0/41168979
0,0,1,0,0,0/41563718
0,1,0,1,0,0/41958458
0,1,0,0,0,0/42353197
1,0,0,0,0,1/42747936
0,1,0,0,1,0/43165895
1,0,1,0,0,0/43560634
0,1,0,0,1,0/43955374
1,0,0,1,0,0/44350113
0,0,0,0,1,0/44768072
0,0,0,0,0,1/45162811
0,0,0,1,1,0/45557551
0,1,0,0,0,0/45952290
0,0,0,1,0,0/46370249
0,0,0,0,0,1/46764988
0,1,0,0,1,0/47159727
0,0,0,0,0,1/47554467
0,0,0,1,1,0/47949206
1,0,1,0,0,0/48367165
0,0,1,0,0,1/48761904
0,1,0,0,1,0/49156643
0,0,0,1,0,0/49551383
1,1,0,0,0,0/49969342
0,0,0,1,0,0/50364081
0,0,0,1,0,1/50758820
1,0,0,0,0,0/51153560
0,0,1,0,0,0/51571519
1,1,0,0,0,0/51966258
0,0,1,0,0,1/52360997
1,0,0,0,0,1/52755736
1,0,0,0,0,0/53150476
0,0,1,0,0,1/53568435
0,1,0,0,1,0/53963174
0,1,0,0,0,0/54357913
0,0,0,0,1,0/54752653
0,1,0,0,0,0/55170612
1,0,0,0,0,0/55565351
0,0,0,0,0,1/55960090
0,1,0,0,0,0/56354829
0,0,0,1,0,0/56772789
0,1,0,0,1,0/57167528
0,1,0,0,0,0/57562267
0,0,0,1,1,0/57957006
1,0,1,0,0,0/58351746
0,0,1,0,0,1/58746485
1,0,0,0,0,0/59164444
0,1,0,0,1,0/59559183
1,0,1,0,0,0/59953922
0,0,0,0,1,0/60348662
0,0,1,0,0,0/60766621
0,1,0,0,1,0/61161360
0,0,0,1,1,0/61556099
0,0,1,0,0,0/61974058
1,0,0,0,0,0/62368798
0,0,0,1,0,0/62763537
0,0,0,1,1,0/63158276
1,1,0,0,0,0/63576235
1,0,0,1,0,0/63970975
0,0,0,0,0,1/64365714
0,0,1,0,1,0/64760453
0,0,0,1,1,0/65155192
0,0,0,0,0,1/65549931
0,1,0,0,1,0/65967891
0,0,1,0,0,0/66362630
0,0,1,0,1,0/66757369
0,0,1,0,0,1/67152108
0,1,0,0,0,0/67570068
0,1,0,0,1,0/67964807
0,0,1,0,0,0/68359546
0,0,0,0,1,0/68754285
0,1,0,1,0,0/69125804
0,0,1,0,0,1/69474104
1,0,0,0,0,1/69845623
0,0,0,1,0,0/70193922
0,0,0,1,1,0/70565442
1,0,0,1,0,0/70960181
1,0,0,0,0,0/71354920
0,0,1,0,0,1/71749659
0,0,0,1,0,1/72167619
0,0,0,0,1,0/72562358
0,0,1,0,0,0/72957097
0,0,1,0,1,0/73351836
0,1,0,1,0,0/73769795
0,1,0,0,1,0/74164535
0,0,1,0,1,0/74559274
1,0,0,1,0,0/74954013
1,0,0,0,0,1/75371972
1,1,0,0,0,0/75766712
1,0,0,0,0,1/76161451
0,0,1,0,1,0/76556190
1,1,0,0,0,0/76974149
1,0,0,0,0,0/77368888
0,0,0,1,1,0/77763628
1,0,1,0,0,0/78158367
0,0,1,0,0,1/78576326
0,0,1,0,1,0/78971065
1,0,0,0,0,1/79365804
0,0,0,1,0,1/79760544
0,1,0,0,1,0/80155283
0,0,1,0,0,1/80573242
0,0,0,1,0,0/80967981
0,0,0,0,0,1/81362721
0,1,0,0,0,0/81757460
0,0,0,0,0,1/82152199
0,1,0,0,0,0/82546938
0,1,0,0,1,0/82964897
0,0,1,0,0,0/83359637
0,0,0,1,0,0/83777596
0,1,0,1,0,0/84195555
1,0,0,0,0,1/84567074
1,1,0,0,0,0/84961814
0,1,0,0,1,0/85356553
0,0,0,1,1,0/85774512
0,1,0,0,0,0/86169251
1,0,0,0,0,0/86563990
1,0,0,0,0,1/86958730
0,1,0,1,0,0/87376689
0,0,1,0,0,0/87771428
0,0,0,1,1,0/88166167
0,0,1,0,1,0/88560907
0,1,0,0,0,0/88955646
1,0,0,0,0,1/89350385
1,0,0,0,0,0/89768344
0,0,0,0,0,1/90163083
0,0,1,0,0,1/90557823
1,1,0,0,0,0/90975782
1,0,0,0,0,1/91370521
0,0,0,0,1,0/91765260
0,1,0,1,0,0/92160000
0,1,0,0,1,0/92554739
1,0,0,0,0,0/92949478
0,0,0,1,0,1/93367437
0,0,1,0,0,1/93762176
0,0,0,0,0,1/94180136
0,0,0,1,0,1/94574875
1,0,0,0,0,0/94969614
1,0,0,0,0,1/95364353
0,0,0,1,0,0/95759092
0,1,0,0,0,0/96153832
0,0,0,0,0,1/96548571
1,0,0,0,0,1/96966530
0,0,0,1,0,1/97361269
0,0,0,1,0,0/97756009
0,0,1,0,1,0/98243628
1,0,0,0,0,0/98661587
1,0,0,1,0,0/99056326
0,0,0,0,0,1/99474285
1,1,0,0,0,0/99869024
0,0,0,0,1,0/100356643
1,0,0,1,0,0/100751383
0,0,0,0,1,0/101099682
1,0,1,0,0,0/101494421
0,0,1,0,0,1/101935600
0,1,0,1,0,0/102376780
1,0,0,0,0,1/102771519
0,1,0,1,0,0/103166258
1,0,0,0,0,0/103560997
0,0,0,1,0,1/103955736
1,0,1,0,0,0/104350476
0,1,0,0,0,0/104768435
0,0,1,0,0,1/105163174
1,0,0,0,0,0/105557913
1,0,0,0,0,1/105952653
1,0,0,0,0,0/106370612
0,0,0,0,1,0/106765351
1,0,0,0,0,0/107160090
0,0,0,0,1,0/107554829
0,1,0,0,1,0/107949569
0,1,0,0,0,0/108367528
0,0,1,0,1,0/108762267
0,1,0,0,0,0/109157006
0,0,0,1,0,1/109574965
0,0,0,0,1,0/109969705
1,0,1,0,0,0/110364444
1,0,0,0,0,1/110759183
0,0,0,0,1,0/111177142
1,0,0,0,0,0/111571882
0,0,0,0,1,0/111966621
0,1,0,0,1,0/112361360
1,0,0,1,0,0/112756099
0,1,0,0,0,0/113150839
0,1,0,0,1,0/113568798
1,0,0,0,0,1/113963537
0,0,0,1,1,0/114358276
1,0,0,1,0,0/114753015
0,0,0,0,0,1/115101315
0,1,0,0,1,0/115472834
0,0,0,1,0,0/115867573
0,0,1,0,1,0/116262312
0,0,0,1,0,0/116657052
1,1,0,0,0,0/117005351
0,0,0,1,1,0/117376870
0,0,0,1,0,1/117771609
0,0,0,1,0,0/118166349
1,1,0,0,0,0/118561088
1,0,1,0,0,0/118955827
1,0,0,1,0,0/119373786
0,1,0,0,0,0/119768526
0,0,0,0,1,0/120163265
0,0,0,1,1,0/120558004
0,0,1,0,1,0/120952743
0,0,0,0,1,0/121370702
0,0,0,1,0,1/121765442
0,0,0,0,1,0/122160181
0,0,0,1,1,0/122578140
0,0,1,0,0,0/122972879
0,0,1,0,0,1/123367619
1,0,1,0,0,0/123762358
0,0,1,0,0,1/124157097
1,0,0,0,0,0/124551836
0,0,0,1,0,1/124969795
0,0,1,0,1,0/125364535
1,0,0,0,0,0/125759274
0,0,0,1,0,0/126154013
0,0,0,1,1,0/126525532
1,1,0,0,0,0/126897052
0,1,0,0,1,0/127268571
0,0,1,0,0,1/127686530
1,0,0,0,0,1/128081269
1,0,0,0,0,0/128476009
1,1,0,0,0,0/128870748
0,0,0,1,1,0/129265487
0,1,0,0,0,0/129683446
0,0,0,1,0,0/130078185
0,0,0,1,0,1/130472925
0,1,0,1,0,0/130867664
0,0,0,1,0,0/131262403
0,0,1,0,1,0/131657142
0,1,0,1,0,0/132051882
0,0,0,0,1,0/132423401
1,0,0,0,0,1/132794920
0,0,1,0,0,0/133166439
1,0,0,0,0,1/133561179
0,0,1,0,1,0/133955918
1,0,1,0,0,0/134350657
0,0,0,1,0,0/134768616
0,0,0,1,0,1/135163356
0,0,1,0,1,0/135558095
0,1,0,0,0,0/135952834
0,0,0,1,0,1/136370793
1,1,0,0,0,0/136765532
0,1,0,0,1,0/137160272
0,0,1,0,1,0/137555011
1,0,1,0,0,0/137972970
1,0,0,0,0,1/138367709
0,0,1,0,1,0/138762448
0,0,0,0,1,0/139157188
1,0,0,0,0,0/139551927
1,0,1,0,0,0/139969886
0,0,1,0,0,1/140364625
0,0,0,1,0,1/140759365
0,0,0,0,0,1/141154104
0,1,0,0,1,0/141572063
1,0,0,1,0,0/141966802
0,0,0,0,0,1/142361541
0,0,1,0,0,0/142756281
1,0,0,1,0,0/143174240
1,1,0,0,0,0/143568979
1,0,0,0,0,0/143963718
0,1,0,1,0,0/144358458
0,0,0,1,0,1/144753197
0,1,0,0,0,0/145171156
0,0,0,1,0,0/145565895
0,0,0,1,1,0/145937414
1,0,0,0,0,0/146308934
0,0,1,0,0,0/146680453
0,0,1,0,1,0/147051972
0,0,0,1,0,1/147446712
1,0,1,0,0,0/147818231
0,0,1,0,0,0/148189750
0,0,1,0,0,1/148584489
1,0,0,0,0,1/148979229
0,0,1,0,0,1/149373968
1,0,0,0,0,1/149768707
0,0,0,1,0,1/150163446
0,1,0,1,0,0/150558185
0,0,1,0,0,1/150976145
0,0,0,0,0,1/151370884
0,0,1,0,0,1/151765623
0,0,0,0,0,1/152160362
0,0,0,1,0,1/152555102
0,0,1,0,0,0/152973061
0,1,0,1,0,0/153367800
1,0,0,1,0,0/153762539
0,0,0,1,1,0/154134058
0,0,0,1,0,0/154505578
1,0,0,0,0,1/154877097
0,0,0,1,0,1/155248616
1,0,0,1,0,0/155643356
0,1,0,0,1,0/156038095
0,0,1,0,0,1/156432834
1,0,0,0,0,1/156827573
0,1,0,0,1,0/157222312
0,0,1,0,0,0/157617052
0,0,0,0,1,0/157988571
0,0,0,0,0,1/158383310
0,0,1,0,1,0/158778049
1,0,1,0,0,0/159149569
0,1,0,0,1,0/159521088
0,0,0,0,1,0/159892607
0,0,1,0,0,1/160310566
0,0,0,0,0,1/160705306
0,0,0,0,1,0/161100045
0,1,0,1,0,0/161494784
0,1,0,0,0,0/161866303
0,0,0,0,0,1/162237823
1,1,0,0,0,0/162609342
0,1,0,0,1,0/162980861
0,0,0,0,0,1/163352380
0,1,0,1,0,0/163747120
1,0,0,0,0,1/164118639
0,1,0,1,0,0/164490158
0,1,0,0,1,0/164861678
0,0,0,1,1,0/165256417
0,0,0,1,0,1/165651156
0,1,0,0,1,0/166069115
0,0,0,1,1,0/166463854
0,1,0,1,0,0/166858594
0,0,1,0,0,0/167276553
0,0,0,0,1,0/167694512
1,0,0,1,0,0/168089251
0,0,0,1,0,1/168483990
0,0,0,1,1,0/168901950
1,0,0,0,0,0/169296689
1,0,0,1,0,0/169714648
0,0,0,1,0,0/170109387
0,0,1,0,0,1/170527346
0,0,1,0,0,0/170922086
0,0,1,0,1,0/171340045
1,0,0,0,0,0/171734784
1,1,0,0,0,0/172152743
0,0,1,0,0,1/172547482
0,0,1,0,0,0/172942222
0,0,1,0,0,1/173360181
1,0,0,0,0,0/173754920
1,0,0,0,0,1/174172879
0,1,0,0,1,0/174590839
0,0,0,0,1,0/174985578
0,0,1,0,0,1/175380317
0,1,0,0,1,0/175798276
0,0,1,0,1,0/176193015
0,0,0,0,1,0/176610975
0,0,1,0,1,0/177005714
0,1,0,1,0,0/177400453
0,0,0,0,1,0/177748752
1,0,1,0,0,0/178143492
0,0,0,0,0,1/178538231
0,1,0,1,0,0/178956190
0,0,1,0,0,0/179350929
0,1,0,0,0,0/179768888
1,0,1,0,0,0/180163628
0,0,0,0,1,0/180581587
1,0,0,1,0,0/180976326
0,0,0,0,0,1/181347845
1,0,1,0,0,0/181719365
0,0,1,0,1,0/182114104
1,1,0,0,0,0/182508843
0,0,0,0,1,0/182926802
0,0,1,0,1,0/183344761
0,1,0,0,0,0/183739501
0,0,1,0,0,1/184134240
0,0,0,0,0,1/184552199
1,0,0,0,0,1/184946938
1,1,0,0,0,0/185364897
0,1,0,0,1,0/185829297
0,0,0,1,1,0/186177596
0,0,0,1,0,1/186572335
0,0,0,1,0,0/186967074
0,1,0,0,1,0/187385034
0,0,0,1,0,1/187779773
1,0,1,0,0,0/188197732
1,0,0,1,0,0/188615691
1,0,0,0,0,0/189080090
0,0,1,0,0,0/189474829
1,0,0,0,0,0/189892789
0,0,0,0,0,1/190217868
0,0,1,0,1,0/190542947
1,1,0,0,0,0/190937687
1,0,0,0,0,0/191355646
1,0,0,1,0,0/191773605
0,0,0,1,1,0/192168344
1,0,0,0,0,1/192563083
1,0,0,0,0,0/192981043
1,0,1,0,0,0/193375782
0,0,0,1,1,0/193793741
1,0,0,0,0,0/194211700
1,1,0,0,0,0/194606439
0,0,0,1,0,0/195001179
1,0,0,0,0,1/195419138
0,0,1,0,0,0/195883537
0,1,0,0,0,0/196231836
1,0,1,0,0,0/196626575
0,0,1,0,0,0/197021315
1,0,0,0,0,1/197392834
1,0,1,0,0,0/197741133
0,0,0,0,1,0/198112653
0,1,0,0,0,0/198484172
0,0,0,0,0,1/198878911
0,0,0,0,1,0/199296870
0,1,0,0,0,0/199691609
0,0,1,0,0,1/200109569
1,0,0,0,0,0/200481088
0,0,1,0,0,0/200875827
0,1,0,0,1,0/201270566
1,0,1,0,0,0/201665306
0,0,1,0,0,0/202060045
0,1,0,0,1,0/202478004
1,0,0,0,0,0/202872743
0,0,1,0,1,0/203267482
1,0,1,0,0,0/203662222
0,0,0,0,0,1/204033741
1,0,1,0,0,0/204428480
0,0,0,0,1,0/204823219
0,0,1,0,0,0/205217959
0,1,0,1,0,0/205635918
1,0,1,0,0,0/206053877
0,1,0,0,1,0/206471836
0,0,0,1,1,0/206866575
0,0,1,0,0,1/207261315
0,0,1,0,0,0/207656054
0,0,1,0,0,1/208050793
1,0,0,1,0,0/208468752
0,1,0,0,0,0/208863492
0,0,0,1,1,0/209258231
1,0,1,0,0,0/209676190
0,0,0,1,1,0/210070929
0,1,0,0,1,0/210488888
0,1,0,0,0,0/210906848
1,0,1,0,0,0/211301587
1,0,0,0,0,1/211719546
0,0,0,1,0,1/212114285
0,0,1,0,0,1/212485804
1,0,1,0,0,0/212857324
0,0,1,0,0,0/213228843
1,0,0,0,0,0/213646802
0,1,0,1,0,0/214064761
1,0,0,0,0,0/214389841
0,0,0,1,0,1/214761360
1,0,1,0,0,0/215132879
0,1,0,0,1,0/215504399
0,0,0,1,0,1/215829478
1,0,0,0,0,0/216247437
0,0,1,0,0,0/216642176
0,1,0,0,0,0/216990476
1,0,0,1,0,0/217361995
0,0,1,0,1,0/217733514
0,0,0,1,0,0/218105034
1,0,0,1,0,0/218430113
1,0,0,0,0,0/218848072
0,0,0,1,0,0/219242811
0,0,0,1,0,1/219591111
1,0,0,0,0,0/219962630
0,0,0,0,1,0/220334149
0,0,0,0,0,1/220705668
0,0,0,1,0,1/221007528
1,0,0,1,0,0/221425487
1,1,0,0,0,0/221843446
0,1,0,0,1,0/222238185
0,0,0,0,0,1/222632925
0,0,1,0,1,0/223050884
0,1,0,0,1,0/223468843
1,0,0,0,0,0/223910022
0,0,1,0,0,1/224327981
0,0,0,1,0,1/224769160
0,0,0,0,1,0/225163900
1,0,1,0,0,0/225558639
0,0,0,0,0,1/225953378
0,0,0,1,1,0/226371337
0,0,1,0,1,0/226742857
0,1,0,0,0,0/227091156
0,0,0,0,1,0/227462675
1,0,0,0,0,1/227810975
1,1,0,0,0,0/228205714
0,0,1,0,0,1/228600453
1,0,0,1,0,0/228995192
1,0,0,0,0,1/229389931
0,0,0,0,1,0/229761451
0,0,0,1,1,0/230132970
0,0,1,0,1,0/230527709
0,0,1,0,0,0/230922448
0,0,0,0,1,0/231317188
0,0,0,1,0,0/231688707
0,0,0,0,0,1/232060226
1,0,0,0,0,1/232454965
0,0,0,0,1,0/232872925
0,1,0,1,0,0/233290884
0,1,0,0,0,0/233708843
1,0,1,0,0,0/234126802
0,0,1,0,0,1/234498321
0,0,0,1,0,0/234893061
0,0,1,0,0,0/235287800
1,0,0,1,0,0/235682539
0,0,1,0,0,1/236100498
1,0,0,0,0,1/236518458
1,0,1,0,0,0/236913197
0,1,0,0,1,0/237307936
0,1,0,1,0,0/237725895
0,0,0,1,0,1/238120634
1,0,1,0,0,0/238492154
0,1,0,0,0,0/238886893
1,0,1,0,0,0/239304852
0,1,0,0,0,0/239699591
0,0,0,0,1,0/240117551
1,0,0,0,0,1/240535510
0,0,0,1,1,0/240907029
0,0,1,0,0,1/241301768
0,0,0,1,1,0/241696507
0,0,0,0,0,1/242068027
0,1,0,1,0,0/242485986
0,0,1,0,0,0/242903945
0,1,0,1,0,0/243345124
0,0,0,0,0,1/243763083
1,0,0,1,0,0/244181043
0,0,0,0,1,0/244668662
0,0,0,1,1,0/245063401
0,0,1,0,0,1/245458140
1,0,0,0,0,1/245876099
0,0,0,0,0,1/246270839
1,0,0,1,0,0/246665578
0,0,0,0,0,1/247083537
1,0,1,0,0,0/247478276
0,0,0,1,0,0/247873015
0,1,0,0,0,0/248267755
0,0,1,0,0,0/248662494
1,0,0,0,0,0/249057233
0,0,0,1,0,1/249451972
0,0,0,0,1,0/249869931
0,0,1,0,1,0/250264671
0,0,1,0,0,1/250659410
1,0,0,1,0,0/251077369
1,1,0,0,0,0/251472108
0,0,1,0,0,0/251866848
1,0,1,0,0,0/252261587
0,1,0,0,1,0/252656326
0,1,0,1,0,0/253027845
0,0,0,1,0,0/253376145
0,0,1,0,0,0/253747664
1,0,0,0,0,0/254119183
0,1,0,1,0,0/254490702
1,0,0,1,0,0/254862222
0,0,0,1,0,0/255256961
0,0,1,0,1,0/255674920
0,0,1,0,0,1/256069659
0,0,0,0,0,1/256464399
1,0,1,0,0,0/256859138
1,0,0,0,0,0/257277097
0,0,1,0,0,0/257671836
0,1,0,1,0,0/258066575
1,0,1,0,0,0/258461315
1,1,0,0,0,0/258856054
0,0,1,0,0,1/259274013
1,1,0,0,0,0/259668752
1,0,0,0,0,0/260063492
0,1,0,0,1,0/260458231
0,1,0,0,0,0/260876190
0,0,0,1,1,0/261270929
0,0,1,0,0,0/261665668
1,0,1,0,0,0/262083628
0,0,0,0,0,1/262478367
0,0,1,0,0,1/262873106
0,1,0,0,0,0/263267845
0,0,0,1,0,1/263685804
0,0,0,0,1,0/264080544
0,1,0,0,0,0/264475283
0,0,0,1,0,0/264870022
1,0,0,0,0,1/265287981
0,1,0,1,0,0/265682721
1,0,0,0,0,0/266077460
0,1,0,0,1,0/266472199
1,0,0,0,0,0/266866938
0,1,0,0,1,0/267261678
1,0,1,0,0,0/267656417
1,0,0,1,0,0/268074376
0,0,1,0,1,0/268492335
1,0,0,0,0,1/268887074
0,0,0,0,0,1/269281814
0,0,0,1,0,1/269676553
0,1,0,0,1,0/270071292
0,0,0,1,0,0/270466031
0,0,0,1,1,0/270860770
0,1,0,1,0,0/271278730
0,0,0,0,1,0/271673469
0,1,0,1,0,0/272068208
1,0,0,0,0,0/272462947
0,0,0,0,1,0/272880907
0,0,0,1,0,0/273275646
0,0,1,0,1,0/273670385
1,0,0,0,0,0/274065124
1,0,0,1,0,0/274483083
0,0,0,1,1,0/274877823
0,0,0,1,0,0/275272562
0,0,0,0,0,1/275667301
0,0,0,1,1,0/276062040
0,0,1,0,0,1/276456780
0,0,1,0,0,0/276874739
0,0,0,1,1,0/277246258
0,1,0,1,0,0/277617777
1,0,0,0,0,0/277989297
1,1,0,0,0,0/278384036
0,0,1,0,0,0/278778775
1,0,0,1,0,0/279173514
0,1,0,0,1,0/279568253
0,0,1,0,0,0/279939773
0,0,1,0,1,0/280311292
0,0,0,0,1,0/280682811
1,0,0,1,0,0/281077551
0,0,0,1,1,0/281472290
0,0,0,0,1,0/281867029
1,1,0,0,0,0/282284988
0,0,1,0,0,0/282679727
1,1,0,0,0,0/283074467
0,0,0,1,0,1/283469206
0,0,0,0,0,1/283863945
1,0,1,0,0,0/284281904
0,0,1,0,1,0/284676643
0,0,1,0,0,1/285071383
0,0,0,1,1,0/285419682
1,1,0,0,0,0/285791201
0,1,0,0,1,0/286139501
1,0,1,0,0,0/286487800
0,0,0,0,0,1/286859319
0,0,1,0,0,1/287277278
0,0,0,1,0,0/287672018
0,0,0,1,1,0/288066757
1,1,0,0,0,0/288461496
0,0,1,0,0,1/288879455
0,0,0,1,0,0/289274195
1,1,0,0,0,0/289668934
1,0,0,1,0,0/290063673
0,0,0,1,0,0/290458412
0,0,1,0,0,1/290876371
0,0,0,1,1,0/291271111
1,0,0,0,0,1/291665850
0,0,0,1,1,0/291990929
1,0,0,1,0,0/292385668
1,0,0,0,0,1/292780408
0,0,0,0,1,0/293175147
1,0,0,0,0,0/293569886
0,0,1,0,1,0/294011065
0,0,1,0,0,1/294475464
0,0,1,0,1,0/294870204
1,0,1,0,0,0/295288163
0,0,1,0,0,0/295682902
0,0,0,1,1,0/296077641
0,0,1,0,0,0/296472380
0,1,0,1,0,0/296890340
0,0,0,0,0,1/297285079
1,1,0,0,0,0/297679818
0,0,0,1,0,1/298074557
0,0,1,0,0,1/298469297
0,0,1,0,0,0/298887256
1,0,1,0,0,0/299281995
1,0,0,0,0,1/299676734
0,1,0,1,0,0/300071473
0,0,0,0,1,0/300466213
0,0,1,0,1,0/300860952
0,0,0,1,1,0/301278911
0,0,0,1,0,0/301673650
0,1,0,1,0,0/302068390
0,0,1,0,0,0/302463129
0,1,0,1,0,0/302857868
0,0,1,0,0,1/303275827
0,0,0,0,1,0/303670566
1,0,1,0,0,0/304065306
0,0,0,1,0,1/304460045
1,0,0,1,0,0/304854784
0,0,0,0,1,0/305272743
0,1,0,0,0,0/305667482
1,0,1,0,0,0/306062222
0,0,1,0,0,0/306480181
1,0,0,0,0,1/306874920
0,0,0,0,1,0/307269659
0,0,0,1,1,0/307664399
0,0,0,1,0,0/308059138
0,0,1,0,1,0/308477097
0,1,0,1,0,0/308871836
1,0,0,0,0,0/309266575
0,1,0,0,0,0/309661315
0,0,1,0,0,0/310079274
1,1,0,0,0,0/310474013
1,0,1,0,0,0/310868752
0,1,0,0,0,0/311263492
0,0,0,0,1,0/311658231
1,0,0,1,0,0/312076190
0,0,0,0,0,1/312447709
0,1,0,0,1,0/312796009
0,0,1,0,0,0/313144308
0,1,0,1,0,0/313562267
1,1,0,0,0,0/313957006
1,0,0,0,0,0/314328526
0,1,0,0,0,0/314700045
0,0,0,1,0,0/315071564
0,0,0,1,1,0/315466303
0,1,0,0,1,0/315861043
1,0,0,0,0,1/316255782
1,0,1,0,0,0/316673741
0,1,0,1,0,0/317068480
1,1,0,0,0,0/317463219
0,1,0,0,1,0/317857959
0,1,0,1,0,0/318275918
1,0,0,1,0,0/318670657
0,0,1,0,1,0/319065396
1,0,0,0,0,0/319460136
0,0,0,1,0,1/319878095
0,0,0,0,0,1/320272834
0,1,0,0,1,0/320667573
0,1,0,1,0,0/321062312
1,0,0,1,0,0/321480272
0,0,0,1,1,0/321875011
1,1,0,0,0,0/322269750
0,1,0,0,0,0/322664489
0,0,0,0,0,1/323059229
1,0,1,0,0,0/323477188
0,0,0,1,0,0/323871927
0,0,1,0,0,0/324266666
1,0,1,0,0,0/324661405
1,0,0,0,0,1/325079365
1,0,0,1,0,0/325474104
1,1,0,0,0,0/325868843
0,0,0,1,0,0/326263582
0,0,1,0,0,1/326681541
0,0,1,0,0,0/327076281
0,0,0,1,1,0/327471020
0,0,1,0,0,1/327865759
1,0,0,0,0,0/328260498
0,0,0,1,0,1/328678458
1,0,0,1,0,0/329073197
0,0,1,0,0,0/329467936
1,1,0,0,0,0/329862675
1,0,1,0,0,0/330257414
0,0,0,0,0,1/330675374
0,0,0,1,1,0/331070113
0,0,1,0,1,0/331464852
1,0,1,0,0,0/331859591
0,1,0,1,0,0/332254331
1,0,0,0,0,0/332672290
0,0,0,1,1,0/333067029
0,1,0,0,0,0/333461768
0,0,1,0,0,1/333879727
1,0,0,0,0,0/334274467
0,0,1,0,0,0/334669206
0,0,0,1,0,1/335063945
1,0,1,0,0,0/335481904
0,0,1,0,0,0/335876643
0,0,1,0,0,1/336271383
1,0,1,0,0,0/336666122
0,0,0,1,1,0/337060861
0,0,1,0,0,1/337478820
0,0,0,1,0,0/337873560
1,0,0,0,0,0/338268299
0,0,1,0,0,0/338663038
0,0,1,0,1,0/339034557
0,0,1,0,0,0/339382857
1,0,1,0,0,0/339777596
0,1,0,0,1,0/340172335
0,0,1,0,1,0/340567074
0,0,0,0,1,0/340938594
0,1,0,0,0,0/341286893
0,0,1,0,1,0/341658412
0,1,0,0,1,0/342076371
0,0,0,1,0,0/342471111
0,0,1,0,1,0/342865850
1,0,0,1,0,0/343260589
0,0,0,1,0,0/343678548
0,0,0,1,1,0/344073287
1,0,0,0,0,1/344468027
0,1,0,1,0,0/344862766
0,0,0,1,0,0/345280725
0,0,0,1,1,0/345675464
1,0,0,0,0,0/346070204
1,0,0,1,0,0/346464943
1,0,0,0,0,0/346859682
0,0,1,0,1,0/347277641
0,1,0,1,0,0/347672380
0,0,1,0,1,0/348067120
1,1,0,0,0,0/348461859
1,0,1,0,0,0/348856598
1,0,0,0,0,0/349274557
0,0,1,0,0,1/349669297
0,0,1,0,0,0/350064036
1,0,1,0,0,0/350481995
0,0,0,0,1,0/350876734
0,0,1,0,0,1/351271473
0,1,0,0,1,0/351666213
1,0,0,1,0,0/352060952
1,0,1,0,0,0/352478911
1,0,0,1,0,0/352873650
0,0,1,0,0,0/353268390
0,0,0,1,0,1/353686349
0,1,0,0,1,0/354081088
0,0,1,0,1,0/354475827
0,1,0,0,1,0/354870566
0,0,1,0,0,1/355265306
1,1,0,0,0,0/355660045
0,0,1,0,0,0/356054784
0,0,1,0,0,1/356472743
1,0,1,0,0,0/356867482
0,0,1,0,0,1/357262222
0,0,0,1,0,0/357656961
0,0,0,1,0,1/358074920
0,1,0,0,1,0/358469659
0,0,0,0,0,1/358864399
0,0,0,1,0,0/359259138
0,0,0,0,1,0/359677097
0,1,0,1,0,0/360071836
0,1,0,0,0,0/360466575
1,0,0,0,0,1/360861315
1,1,0,0,0,0/361256054
0,1,0,0,0,0/361650793
0,0,0,0,1,0/362068752
0,0,0,1,0,0/362463492
1,0,0,0,0,1/362881451
0,0,0,1,0,0/363276190
1,1,0,0,0,0/363670929
0,1,0,0,1,0/364065668
0,1,0,0,0,0/364483628
1,0,0,1,0,0/364878367
1,1,0,0,0,0/365273106
0,0,1,0,0,0/365667845
0,0,0,0,1,0/366062585
1,0,0,0,0,0/366457324
0,0,1,0,0,0/366852063
0,0,1,0,0,1/367270022
0,0,0,1,0,1/367664761
0,0,1,0,0,0/368059501
0,0,0,1,0,1/368477460
0,0,0,1,1,0/368872199
1,0,0,0,0,0/369290158
1,0,0,1,0,0/369684897
0,0,1,0,1,0/370079637
0,1,0,0,1,0/370474376
0,0,0,1,1,0/370869115
0,0,1,0,0,1/371263854
0,1,0,1,0,0/371658594
0,0,1,0,0,0/372030113
0,0,0,0,1,0/372378412
0,0,0,1,0,0/372726712
0,0,1,0,0,1/373075011
0,0,1,0,0,0/373469750
0,0,1,0,0,1/373864489
0,0,1,0,1,0/374259229
1,0,1,0,0,0/374677188
0,0,0,0,0,1/375071927
0,0,0,0,1,0/375466666
0,0,0,1,1,0/375861405
0,1,0,1,0,0/376256145
0,0,0,0,0,1/376674104
1,0,0,0,0,1/377068843
0,0,0,1,1,0/377463582
1,0,1,0,0,0/377858321
0,0,0,0,1,0/378253061
0,0,1,0,0,0/378671020
0,0,0,1,0,1/379065759
0,0,0,1,0,0/379460498
0,0,0,0,1,0/379878458
1,0,0,0,0,1/380273197
0,0,1,0,1,0/380667936
1,1,0,0,0,0/381062675
0,0,0,1,0,1/381457414
1,0,0,0,0,0/381875374
0,0,0,1,0,1/382270113
0,0,0,0,1,0/382664852
1,0,0,0,0,1/383013151
0,1,0,1,0,0/383361451
0,0,1,0,0,1/383732970
0,1,0,0,1,0/384081269
1,0,1,0,0,0/384476009
0,1,0,0,1,0/384870748
0,0,1,0,0,1/385265487
1,0,0,0,0,1/385660226
0,1,0,0,1,0/386078185
0,0,0,1,0,1/386472925
0,0,0,1,0,0/386867664
0,0,1,0,0,0/387262403
0,0,0,1,0,0/387680362
0,0,1,0,0,0/388075102
0,0,0,0,0,1/388469841
0,0,0,1,1,0/388864580
0,0,0,1,0,0/389259319
1,0,0,1,0,0/389677278
1,0,0,0,0,1/390072018
0,0,1,0,0,1/390466757
1,1,0,0,0,0/390861496
0,0,0,1,0,0/391256235
0,0,1,0,1,0/391650975
1,0,0,0,0,0/392068934
0,1,0,1,0,0/392463673
1,0,0,1,0,0/392858412
0,0,0,1,0,0/393253151
1,0,0,0,0,1/393671111
0,0,0,1,0,1/394065850
0,0,1,0,0,1/394460589
1,0,0,0,0,0/394855328
1,0,1,0,0,0/395273287
0,1,0,1,0,0/395668027
0,0,1,0,0,1/396062766
0,0,0,1,0,0/396457505
0,1,0,0,0,0/396852244
0,0,1,0,1,0/397270204
1,0,0,1,0,0/397688163
1,0,0,0,0,0/398059682
1,0,1,0,0,0/398454421
0,0,1,0,0,0/398872380
0,0,1,0,0,1/399267120
0,1,0,0,1,0/399661859
0,0,0,1,0,1/400079818
0,1,0,1,0,0/400474557
0,0,0,0,1,0/400869297
