1,1,0,0,1,1/3506213
0,1,0,0,0,0/4086712
0,1,0,0,1,0/4667210
0,0,1,0,1,0/5247709
0,0,1,0,0,1/5828208
0,0,0,1,1,0/6408707
0,0,0,1,0,0/6989206
0,0,0,1,1,0/7569705
1,0,0,1,0,1/8150204
1,1,0,0,0,0/8753922
0,0,0,1,0,0/9334421
1,0,0,0,0,0/9914920
1,1,0,0,0,0/10495419
0,1,0,0,1,0/11075918
0,0,0,1,1,0/11633197
0,0,0,1,0,1/12144036
1,0,0,0,0,1/12678095
0,0,0,1,1,0/13212154
0,0,1,0,1,0/13746213
1,0,0,1,0,0/14280272
0,1,0,1,0,0/14814331
0,0,0,1,1,0/15348390
1,0,0,0,0,0/15859229
0,0,0,1,0,1/16346848
0,0,1,0,0,0/16904126
0,0,0,1,0,1/17484625
0,1,0,0,1,0/18065124
0,1,0,1,0,0/18645623
1,0,0,0,0,0/19226122
0,0,0,0,1,0/19806621
0,0,1,0,0,1/20387120
0,0,1,1,0,1/20967619
1,1,0,0,0,0/21548117
1,0,1,0,1,0/22128616
0,0,0,1,1,0/22709115
0,1,0,0,0,0/23312834
1,0,0,0,0,0/23893333
0,0,0,1,1,0/24473832
0,0,0,0,1,0/25123990
0,1,0,0,1,0/25634829
0,1,0,1,0,0/26215328
0,0,0,1,0,1/26819047
1,0,1,0,0,0/27376326
0,0,0,1,1,0/27980045
1,0,1,0,0,0/28560544
1,1,0,0,0,0/29117823
1,0,0,0,0,1/29628662
0,0,1,0,0,0/30139501
0,0,0,1,0,1/30673560
0,1,0,1,1,0/31161179
1,0,0,1,0,0/31741678
1,0,0,0,0,1/32275736
1,0,0,0,0,0/32833015
0,0,1,0,1,0/33367074
1,0,0,1,0,0/33924353
1,0,0,0,0,0/34458412
0,0,1,0,1,0/35015691
0,0,1,0,0,0/35549750
1,0,0,1,0,0/36107029
0,0,1,0,0,1/36641088
1,0,0,1,0,0/37198367
1,1,0,1,0,0/37732426
1,0,1,0,0,0/38289705
1,0,0,0,0,1/38823764
0,0,0,1,1,0/39381043
1,0,0,0,0,0/39938321
1,0,1,0,0,0/40472380
0,1,0,1,0,0/41006439
1,0,1,0,0,0/41563718
1,0,0,0,0,0/42097777
1,1,0,0,0,0/42631836
1,0,0,1,0,0/43189115
1,0,0,0,0,0/43746394
0,0,0,0,1,0/44280453
1,0,0,0,0,0/44837732
0,0,1,0,1,0/45371791
0,1,0,1,0,0/45929070
0,0,0,1,0,0/46463129
0,0,1,0,0,1/47020408
0,0,1,0,1,0/47577687
1,0,0,0,0,0/48204625
0,0,1,0,0,0/48831564
0,0,0,1,0,1/49458503
0,1,0,0,1,0/50039002
1,1,0,0,0,0/50596281
1,0,0,1,0,0/51153560
1,1,0,0,0,0/51710839
0,1,0,0,0,0/52268117
0,0,0,0,1,0/52825396
0,0,1,0,1,0/53382675
1,0,0,0,0,0/53939954
0,0,0,0,1,0/54497233
1,0,0,1,0,0/55054512
0,0,0,0,1,0/55611791
0,0,0,1,0,0/56145850
1,1,0,0,0,0/56703129
1,1,0,0,1,1/57260408
1,0,1,0,0,0/57840907
0,0,1,0,1,0/58398185
0,1,0,0,0,0/58932244
1,0,0,1,0,1/59489523
0,0,0,1,0,1/60046802
1,0,0,0,0,0/60604081
1,0,1,0,0,0/61161360
1,0,0,0,0,0/61718639
0,1,0,0,1,0/62252698
1,0,1,0,0,0/62833197
0,0,0,1,0,1/63390476
0,0,0,1,0,0/63924535
0,0,1,0,0,1/64481814
1,0,1,0,0,1/65039092
0,0,1,0,0,0/65596371
0,1,0,1,0,0/66083990
1,0,1,0,0,0/66571609
0,1,0,1,0,0/67128888
0,0,1,0,0,0/67802267
1,0,1,0,0,0/68359546
0,0,0,0,1,0/68893605
1,0,0,0,0,0/69450884
1,1,0,0,0,0/69984943
0,0,1,0,0,0/70542222
1,0,0,0,0,1/71076281
1,0,1,0,0,0/71633560
0,0,1,0,0,0/72167619
0,0,0,0,1,0/72724897
0,1,0,0,0,0/73258956
0,0,0,1,1,0/73793015
0,0,1,0,1,0/74350294
0,0,0,1,0,1/74907573
0,0,0,1,0,0/75441632
0,0,0,0,0,1/75998911
1,1,0,1,0,0/76532970
1,0,1,0,0,0/77090249
0,0,0,1,0,0/77624308
1,0,0,0,0,0/78158367
1,0,0,1,0,0/78715646
1,0,0,0,0,0/79272925
1,0,0,1,0,1/79806984
0,0,0,1,0,1/80364263
1,1,0,0,0,0/80898321
0,0,0,1,0,1/81455600
0,0,1,0,0,1/81989659
0,0,0,0,0,1/82523718
0,0,0,1,0,1/83080997
0,0,0,0,0,1/83615056
0,0,1,0,0,0/84172335
0,0,0,1,1,0/84729614
1,0,0,0,0,0/85263673
1,0,1,0,0,0/85797732
0,1,0,0,1,0/86331791
0,0,0,0,0,1/86889070
0,0,0,1,0,0/87446349
1,0,0,1,0,0/87980408
0,1,0,1,0,0/88537687
0,0,0,0,0,1/89071746
0,1,0,1,0,0/89629024
0,0,1,0,0,0/90163083
1,0,1,0,0,0/90720362
1,1,0,0,0,0/91254421
0,1,0,1,1,0/91811700
1,0,1,0,0,0/92392199
0,0,0,0,1,0/92972698
1,0,1,0,0,0/93553197
0,1,0,0,0,0/94110476
1,0,0,0,0,1/94690975
0,0,0,1,0,0/95271473
1,0,0,0,0,0/95851972
0,0,0,0,1,0/96432471
0,0,1,0,1,0/96989750
0,1,0,0,0,0/97547029
1,0,0,1,0,1/98081088
1,1,0,0,1,1/98615147
1,0,1,0,1,0/99172426
1,1,0,1,0,0/99706485
1,0,0,1,0,1/100263764
0,0,0,1,0,0/100797823
1,0,0,0,0,1/101355102
1,1,0,0,0,0/101889160
0,0,1,0,0,0/102446439
0,0,1,1,0,1/102980498
0,0,1,0,0,0/103537777
1,0,0,0,0,1/104071836
0,0,0,1,1,0/104629115
0,0,1,0,1,0/105163174
0,1,0,0,1,0/105720453
1,0,0,0,0,1/106254512
0,1,0,1,0,0/106811791
0,0,0,1,0,1/107345850
1,0,0,0,0,0/107903129
1,0,0,1,0,0/108437188
0,0,1,0,1,0/108994467
1,1,0,0,0,0/109528526
0,0,1,0,0,0/110085804
1,0,0,1,0,0/110619863
0,0,1,0,0,0/111177142
0,0,0,1,0,1/111711201
0,1,0,0,1,0/112268480
1,0,0,0,0,0/112802539
0,0,1,0,0,1/113359818
0,0,1,0,0,0/113917097
1,0,0,0,0,1/114451156
0,0,0,1,1,0/114985215
0,1,0,0,0,0/115542494
0,0,1,0,0,0/116076553
0,1,0,0,1,0/116633832
0,0,0,1,0,0/117167891
0,0,1,0,0,1/117725170
0,0,0,1,0,0/118259229
0,1,0,0,1,0/118816507
0,0,0,1,1,0/119350566
0,0,0,1,0,1/119907845
0,0,0,1,1,0/120441904
0,0,0,1,0,0/120999183
0,0,0,0,1,0/121533242
1,0,1,0,0,0/122090521
0,0,1,0,1,0/122624580
0,0,0,1,1,0/123158639
1,1,0,0,0,0/123715918
0,1,0,0,1,0/124273197
1,0,0,0,0,0/124807256
0,0,1,0,0,1/125364535
1,1,0,0,0,0/125898594
0,0,1,0,0,0/126455873
1,0,1,0,0,0/126989931
0,0,0,1,0,1/127547210
0,0,1,0,1,0/128081269
0,1,0,0,0,0/128638548
1,0,0,1,0,0/129172607
0,0,1,0,0,0/129729886
0,0,0,0,1,0/130263945
0,1,0,1,0,0/130844444
0,0,0,1,1,0/131424943
0,1,0,1,0,0/132005442
0,0,1,0,0,0/132562721
1,0,0,0,0,0/133120000
0,0,0,0,1,0/133677278
0,0,1,1,0,1/134211337
0,0,1,0,0,0/134838276
1,0,0,0,0,1/135441995
0,0,1,0,0,0/135999274
0,0,0,1,0,1/136533333
0,0,0,1,1,0/137067392
0,1,0,0,0,0/137624671
0,0,0,1,1,0/138181950
1,1,0,0,0,0/138716009
0,0,1,0,1,0/139273287
1,0,0,0,0,0/139807346
0,0,0,1,0,0/140364625
1,1,0,0,0,0/140898684
0,1,0,0,1,0/141432743
0,1,0,1,0,0/141990022
0,0,0,1,1,0/142547301
1,0,1,0,0,0/143081360
0,0,1,0,1,0/143638639
0,0,0,0,1,0/144172698
0,0,1,0,1,0/144729977
0,0,0,1,1,0/145264036
0,0,0,1,0,0/145798095
1,0,0,1,0,0/146355374
0,0,0,1,1,0/146889433
0,0,0,0,0,1/147423492
0,0,0,1,1,0/147980770
1,0,0,1,0,0/148538049
0,1,0,0,0,0/149072108
1,0,0,0,0,1/149606167
0,0,0,0,0,1/150163446
0,0,0,0,1,0/150720725
1,1,0,0,0,0/151254784
0,1,0,1,0,0/151812063
0,0,0,1,1,0/152346122
0,0,0,1,0,1/152903401
1,0,0,1,0,0/153460680
0,0,1,0,0,1/153994739
1,0,1,0,0,0/154528798
0,0,0,1,1,0/155086077
0,0,0,1,0,1/155620136
1,1,0,0,0,0/156154195
0,0,1,0,1,0/156711473
0,0,0,0,0,1/157268752
0,1,0,1,0,0/157802811
0,0,1,0,1,0/158360090
0,0,0,0,0,1/158894149
0,0,0,1,0,0/159428208
0,0,0,1,0,1/159985487
0,0,1,0,0,1/160519546
0,1,0,0,0,0/161076825
0,0,0,1,0,0/161634104
1,0,0,0,0,1/162168163
0,0,1,0,0,0/162725442
0,0,0,1,0,0/163259501