0,0,1,0,0,0/812698
0,0,0,1,1,0/1184217
0,0,0,0,1,0/1555736
0,1,0,1,0,0/1927256
0,0,0,1,0,1/2275555
0,1,0,0,1,0/2647074
0,0,0,0,0,1/3018594
0,0,1,0,0,1/3390113
1,0,0,0,0,1/3761632
1,0,0,0,0,0/4156371
0,0,1,0,0,0/4551111
1,1,0,0,0,0/4945850
1,0,1,0,0,0/5340589
0,0,1,0,1,0/5735328
0,0,1,1,0,1/6130068
0,1,0,1,0,0/6501587
0,1,0,0,1,0/6873106
0,0,0,1,0,0/7244625
0,0,1,0,0,0/7592925
0,0,0,1,0,0/7964444
0,0,0,0,0,1/8335963
0,1,0,1,0,0/8707482
0,0,1,0,0,1/9055782
0,0,0,0,1,0/9427301
1,0,0,1,0,0/9798820
0,0,1,0,1,0/10170340
0,0,0,0,0,1/10518639
0,1,0,1,0,0/10890158
0,1,0,0,0,0/11261678
0,0,0,1,0,0/11609977
1,0,0,0,0,0/11981496
0,1,0,0,0,0/12353015
0,1,0,1,0,0/12724535
1,0,1,0,0,1/13072834
0,1,0,1,1,0/13444353
0,0,0,0,1,0/13815873
0,0,1,0,0,0/14187392
0,0,1,0,0,1/14558911
0,0,0,0,1,0/14907210
1,1,0,0,0,0/15278730
1,0,0,0,0,1/15627029
0,1,1,0,1,0/15998548
0,0,1,0,0,1/16370068
0,0,0,1,1,0/16741587
1,0,1,0,0,0/17113106
0,1,0,0,0,0/17461405
1,1,0,0,0,0/17832925
0,1,0,1,0,0/18204444
1,0,1,0,0,0/18575963
1,0,1,0,0,1/18924263
0,1,0,0,1,0/19295782
0,1,0,0,0,0/19667301
1,0,0,1,0,0/20038820
0,0,0,1,1,0/20387120
0,0,1,0,1,0/20758639
0,0,0,0,0,1/21130158
0,1,0,1,0,0/21501678
1,0,1,0,0,1/21849977
1,0,0,1,0,0/22221496
0,0,0,1,1,0/22593015
0,0,0,1,0,0/22964535
1,1,0,0,0,0/23336054
1,0,0,0,0,1/23661133
0,0,1,0,0,1/24055873
0,0,0,0,0,1/24427392
1,0,0,1,0,0/24775691
1,1,0,0,0,0/25147210
1,0,0,1,0,0/25518730
0,0,1,0,0,1/25890249
0,0,0,0,1,0/26238548
0,0,1,0,0,1/26610068
1,0,0,1,0,0/26981587
1,0,0,0,0,0/27353106
0,0,0,0,1,0/27701405
0,0,1,0,0,0/28072925
1,0,0,1,0,0/28444444
0,1,0,1,0,0/28815963
0,0,1,0,0,1/29164263
0,0,0,0,1,0/29535782
1,0,0,0,0,1/29907301
0,0,1,0,0,1/30278820
0,0,1,0,1,0/30627120
1,1,0,0,0,0/30998639
0,1,0,0,0,0/31370158
1,0,0,1,0,0/31741678
1,0,1,0,0,0/32089977
0,1,0,1,0,0/32461496
0,0,1,0,1,0/32833015
0,0,0,1,0,0/33204535
0,1,0,1,0,0/33552834
0,1,0,0,0,0/33924353
0,0,1,0,0,0/34295873
0,1,0,1,0,0/34667392
0,0,0,0,0,1/35015691
0,0,0,0,1,0/35387210
0,1,0,1,0,0/35758730
0,1,0,0,0,0/36130249
0,0,1,0,1,0/36501768
1,1,0,0,0,0/36850068
0,0,0,1,0,0/37221587
0,0,0,1,1,0/37569886
0,0,0,1,0,1/37941405
0,0,0,0,0,1/38312925
0,0,0,1,0,0/38684444
1,1,0,0,0,0/39055963
0,1,0,0,0,0/39404263
1,0,0,1,0,0/39752562
0,0,0,1,0,0/40147301
0,0,0,1,0,1/40518820
0,0,0,1,0,0/40867120
0,0,0,1,0,1/41238639
0,1,0,0,1,0/41610158
1,0,0,0,0,1/41958458
0,1,0,0,0,0/42329977
0,0,1,0,0,1/42701496
0,1,0,0,0,0/43073015
0,0,0,0,1,0/43421315
0,0,0,0,0,1/43792834
1,0,0,1,0,0/44164353
1,1,0,0,0,0/44535873
0,0,0,1,0,1/44907392
1,0,0,0,0,0/45255691
0,0,1,0,0,0/45627210
1,0,0,1,0,0/45998730
1,0,0,0,0,0/46370249
0,1,0,0,1,0/46718548
0,1,0,0,0,0/47090068
0,0,1,0,0,1/47461587
1,0,0,0,0,0/47809886
0,0,0,0,0,1/48181405
0,1,0,0,1,0/48552925
1,0,0,0,0,1/48924444
0,1,0,0,1,0/49295963
1,0,0,0,0,0/49644263
0,0,1,0,0,0/50015782
0,0,0,0,1,0/50387301
0,0,0,0,0,1/50735600
1,0,1,0,0,0/51107120
1,0,0,1,0,0/51478639
1,1,0,0,0,0/51850158
0,0,0,1,0,0/52198458
0,0,0,1,1,0/52569977
1,0,0,0,0,0/52941496
0,0,0,0,1,0/53313015
0,0,0,1,1,0/53684535
0,0,0,0,1,0/54032834
1,0,0,0,0,1/54404353
0,1,0,1,0,0/54775873
0,1,0,0,0,0/55147392
0,0,1,0,1,0/55495691
1,0,0,0,0,1/55867210
0,1,0,1,0,0/56238730
1,0,0,1,0,0/56610249
1,0,1,0,0,0/56958548
0,0,1,0,1,0/57330068
1,0,0,1,0,0/57701587
1,1,0,0,0,0/58073106
0,1,0,1,0,0/58444625
1,0,0,0,0,0/58792925
0,0,0,1,0,0/59164444
1,0,0,0,0,0/59535963
1,0,0,1,0,0/59884263
1,1,0,0,0,0/60255782
0,0,0,1,1,0/60627301
0,0,1,0,0,0/60998820
0,1,0,0,0,0/61347120
0,0,0,1,1,0/61718639
0,1,0,0,1,0/62090158
0,1,0,0,0,0/62438458
1,0,0,0,0,0/62809977
0,1,0,0,1,0/63181496
0,0,0,0,1,0/63553015
0,0,1,0,0,1/63901315
1,0,1,0,0,0/64272834
0,0,0,1,0,1/64644353
0,0,1,0,1,0/65015873
1,0,1,0,0,0/65364172
1,0,0,1,0,0/65735691
1,0,0,0,0,0/66107210
0,0,0,1,0,0/66478730
0,1,0,1,0,0/66827029
0,0,0,0,0,1/67198548
0,1,0,1,0,0/67570068
0,0,0,1,1,0/67918367
0,0,0,1,0,0/68289886
0,0,1,0,1,0/68661405
1,1,0,0,0,0/69032925
0,0,1,0,0,1/69404444
0,0,0,1,0,1/69752743
1,0,0,1,0,0/70124263
0,0,1,0,1,0/70495782
1,0,1,0,0,0/70867301
0,0,0,0,1,0/71215600
0,0,0,1,1,0/71587120
0,0,0,1,0,0/71958639
0,0,0,0,0,1/72330158
1,0,0,1,0,0/72678458
1,0,0,0,0,0/73049977
1,1,0,0,0,0/73421496
1,0,0,0,0,1/73769795
0,1,0,0,1,0/74141315
0,0,1,0,0,1/74512834
0,0,1,0,0,0/74884353
0,0,1,0,1,0/75255873
0,1,0,1,0,0/75627392
1,0,1,0,0,0/75975691
0,0,1,0,0,1/76347210
1,0,0,0,0,1/76718730
0,0,1,0,0,1/77067029
1,0,0,1,0,0/77438548
1,1,0,0,0,0/77810068
0,0,0,0,1,0/78181587
0,1,0,0,1,0/78529886
0,0,0,1,0,0/78901405
0,0,0,0,1,0/79272925
1,0,1,0,0,0/79644444
0,0,0,1,1,0/80015963
0,0,1,0,0,0/80364263
0,1,0,0,1,0/80735782
0,0,1,0,0,1/81107301
0,0,1,0,1,0/81478820
1,0,0,0,0,1/81827120
0,0,0,1,0,1/82198639
0,1,0,0,0,0/82546938
1,0,0,0,0,1/82918458
0,0,0,0,1,0/83289977
1,1,0,0,0,0/83661496
0,0,1,0,0,1/84033015
1,0,0,0,0,1/84381315
1,0,0,0,0,0/84752834
1,0,0,1,0,0/85124353
0,1,0,1,0,0/85472653
0,0,1,0,0,1/85844172
1,0,0,0,0,0/86215691
0,0,0,0,1,0/86587210
0,0,0,1,1,0/86935510
1,0,1,0,0,0/87307029
0,0,0,0,1,0/87678548
0,0,1,0,0,1/88050068
0,0,0,1,0,0/88398367
0,0,1,0,0,0/88769886
0,0,0,0,0,1/89141405
0,0,0,1,0,1/89512925
0,0,1,0,1,0/89861224
1,0,1,0,0,0/90232743
1,0,0,0,0,0/90604263
0,0,1,0,0,0/90975782
1,1,0,0,0,0/91347301
1,0,1,0,0,0/91695600
1,0,0,1,0,0/92067120
1,0,1,0,0,0/92438639
0,0,1,0,1,0/92810158
0,0,1,0,0,1/93181678
1,0,0,0,0,0/93529977
0,0,0,1,1,0/93901496
1,0,0,0,0,0/94273015
0,0,1,0,1,0/94621315
0,0,0,1,1,0/94992834
1,1,0,0,0,0/95364353
0,1,0,1,0,0/95735873
0,0,1,0,0,0/96084172
1,0,0,0,0,1/96455691
0,0,0,0,0,1/96827210
0,0,0,1,1,0/97198730
1,0,0,1,0,0/97547029
1,1,0,0,0,0/97918548
0,0,0,1,0,1/98266848
0,1,0,0,0,0/98638367
0,0,0,1,0,1/99009886
0,0,1,0,1,0/99381405
0,0,1,0,0,1/99752925
0,1,0,0,0,0/100147664
1,0,0,0,0,0/100519183
0,0,1,0,0,1/100867482
0,1,0,0,0,0/101215782
0,0,0,1,0,0/101564081
0,1,0,1,0,0/101935600
1,0,0,1,0,0/102307120
0,1,0,0,0,0/102678639
0,0,0,1,0,0/103050158
1,0,1,0,0,0/103398458
0,0,0,1,0,0/103769977
0,1,0,0,0,0/104141496
0,0,0,0,1,0/104489795
0,0,0,1,0,0/104861315
0,0,1,0,1,0/105232834
1,1,0,0,0,0/105604353
0,0,1,0,0,1/105975873
0,0,0,1,1,0/106324172
0,1,0,1,0,0/106695691
0,0,1,0,0,1/107067210
0,0,1,0,1,0/107438730
1,0,0,0,0,0/107787029
1,0,0,0,0,1/108158548
0,0,1,0,0,0/108530068
0,1,0,1,0,0/108878367
0,0,0,1,1,0/109249886
1,0,1,0,0,0/109621405
1,0,0,1,0,0/109992925
0,0,0,1,1,0/110364444
0,0,0,1,0,0/110712743
1,0,0,0,0,0/111084263
1,0,0,0,0,1/111432562
0,0,0,0,0,1/111804081
1,0,0,1,0,0/112175600
0,0,1,0,0,1/112547120
0,1,0,0,1,0/112895419
0,0,0,1,1,0/113266938
0,0,1,0,1,0/113638458
0,0,0,0,1,0/114009977
0,1,0,0,1,0/114381496
0,0,0,1,0,0/114753015
0,0,0,1,0,1/115101315
1,0,0,0,0,1/115472834
0,0,0,0,0,1/115844353
0,1,0,0,0,0/116192653
0,0,1,0,0,0/116564172
1,0,0,1,0,0/116935691
0,0,1,0,0,0/117283990
0,0,0,1,0,1/117655510
0,0,1,0,1,0/118027029
0,0,0,1,0,1/118398548
0,1,0,0,1,0/118770068
0,0,0,1,0,0/119141587
0,0,1,0,1,0/119489886
0,0,1,0,0,1/119861405
1,0,1,0,0,0/120232925
0,1,0,0,1,0/120604444
1,0,1,0,0,0/120952743
1,0,0,0,0,1/121324263
1,0,0,1,0,0/121672562
1,0,1,0,0,0/122044081
0,0,1,0,0,1/122415600
0,1,0,1,0,0/122787120
1,0,0,1,0,0/123158639
0,0,0,1,0,1/123530158