0,0,1,1,0,1/69659
0,0,0,0,1,0/719818
0,1,0,0,0,0/1346757
0,0,0,1,0,0/1996916
1,1,0,1,0,0/2623854
0,0,1,0,1,0/3274013
0,1,0,0,0,0/3900952
0,0,0,1,1,0/4551111
1,0,0,1,0,1/5178049
1,1,0,0,0,0/5828208
0,0,1,0,1,0/6455147
0,0,0,1,0,0/7105306
0,1,0,0,0,0/7732244
1,1,0,0,0,0/8382403
0,1,0,0,1,0/9009342
1,1,0,0,0,0/9659501
0,1,0,0,0,0/10286439
0,0,1,0,0,0/10936598
0,0,0,1,1,0/11563537
0,0,1,0,0,0/12144036
1,0,0,0,0,1/12840634
0,1,0,0,0,0/13490793
0,0,0,1,0,0/14117732
0,0,0,1,1,0/14767891
1,0,0,0,0,1/15394829
0,0,0,1,0,1/16044988
0,1,0,0,1,0/16671927
0,0,0,1,0,1/17298866
1,0,0,0,0,1/17949024
0,1,0,1,0,0/18599183
0,0,0,0,1,0/19226122
1,1,0,0,0,0/19876281
0,0,1,0,0,0/20503219
0,0,0,1,1,0/21153378
0,0,0,0,1,0/21780317
1,0,0,1,0,0/22430476
1,0,0,0,0,1/23057414
0,1,0,0,0,0/23707573
0,0,1,0,0,1/24334512
0,0,1,0,1,0/24984671
1,0,0,1,0,0/25611609
0,0,1,0,1,0/26261768
0,0,0,0,0,1/26888707
1,0,0,1,0,0/27538866
1,0,0,0,0,0/28165804
0,0,1,0,1,0/28792743
1,0,0,0,0,1/29442902
0,0,0,1,0,1/30069841
1,0,0,1,0,0/30720000
0,0,0,1,0,1/31370158
0,0,1,0,0,0/31997097
0,0,0,1,0,1/32647256
0,0,0,1,0,0/33274195
0,0,1,0,1,0/33901133
1,0,0,1,0,0/34551292
0,0,0,0,0,1/35178231
1,1,0,0,0,0/35828390
0,0,0,1,0,0/36478548
0,0,0,0,0,1/37105487
0,1,0,0,1,0/37732426
1,0,0,1,0,0/38359365
0,0,0,1,0,0/39009523
1,1,0,0,0,0/39659682
1,0,1,0,0,0/40286621
0,0,1,0,0,1/40913560
0,0,0,1,1,0/41517278
0,0,1,0,0,0/42213877
0,0,0,1,0,0/42840816
1,0,0,0,0,0/43490975
0,0,0,1,1,0/44117913
1,0,0,1,0,0/44768072
1,0,0,0,0,1/45395011
0,0,1,0,0,0/46021950
0,1,0,1,0,0/46672108
0,1,0,0,0,0/47322267
0,1,0,0,1,0/47949206
0,0,1,0,0,0/48576145
0,0,0,0,1,0/49226303
0,1,0,0,1,0/49876462
1,1,0,0,0,0/50503401
0,1,0,0,0,0/51130340
0,1,0,1,0,0/51757278
0,1,0,0,1,0/52407437
0,1,0,1,0,0/53057596
0,1,0,0,1,0/53684535
0,0,1,0,0,0/54334693
1,0,1,0,0,0/54984852
0,0,0,1,1,0/55611791
0,1,0,0,1,0/56238730
0,0,0,0,0,1/56888888
1,0,0,0,0,1/57515827
1,1,0,0,0,0/58165986
0,0,1,0,0,0/58792925
0,1,0,1,0,0/59443083
0,0,1,0,0,1/60070022
0,1,0,0,1,0/60720181
1,0,0,0,0,0/61347120
1,0,0,0,0,1/61997278
0,0,0,1,0,1/62624217
1,0,0,0,0,1/63274376
0,0,0,0,1,0/63901315
0,0,1,0,1,0/64551473
0,0,0,0,0,1/65178412
0,1,0,0,0,0/65828571
0,0,0,0,0,1/66455510
0,0,0,1,1,0/67105668
0,0,1,0,1,0/67732607
1,0,1,0,0,0/68382766
0,1,0,0,0,0/69009705
0,0,1,0,0,0/69659863
0,1,0,1,0,0/70286802
0,0,0,0,1,0/70913741
0,0,1,0,1,0/71563900
1,1,0,0,0,0/72214058
0,0,0,1,0,0/72840997
0,1,0,0,0,0/73467936
0,0,0,1,1,0/74118095
0,0,1,0,0,0/74768253
1,0,0,0,0,1/75395192
0,0,0,1,0,0/76045351
0,0,1,0,1,0/76672290
1,0,0,0,0,1/77322448
0,1,0,0,0,0/77949387
0,0,0,0,0,1/78576326
0,0,0,1,0,1/79203265
0,0,0,0,0,1/79876643
0,0,1,0,1,0/80503582
0,0,0,0,0,1/81153741
0,0,1,0,0,1/81780680
0,0,0,1,1,0/82407619
0,0,0,1,0,0/83034557
0,0,0,0,1,0/83684716
0,0,0,1,1,0/84334875
0,0,1,0,1,0/84961814
0,0,0,1,0,0/85611972
1,1,0,0,0,0/86238911
1,0,0,1,0,0/86865850
0,0,1,0,1,0/87516009
0,0,0,1,1,0/88166167
0,0,1,0,0,1/88793106
1,0,0,0,0,1/89420045
0,1,0,0,0,0/90070204
0,1,0,0,1,0/90720362
1,0,0,0,0,0/91347301
0,0,1,0,0,0/91974240
0,1,0,0,1,0/92624399
1,0,1,0,0,0/93251337
0,0,0,1,1,0/93878276
1,0,1,0,0,0/94528435
0,0,0,1,0,0/95178594
0,0,1,0,0,1/95805532
0,0,0,1,0,0/96455691
0,0,1,0,1,0/97082630
1,0,0,0,0,1/97709569
0,0,0,1,0,1/98359727
0,0,1,0,0,1/99009886
0,0,0,0,1,0/99636825
0,0,1,0,0,0/100286984
0,0,0,0,0,1/100913922
0,1,0,0,1,0/101564081
0,0,1,0,0,0/102191020
0,0,0,1,0,0/102841179
1,0,0,0,0,1/103491337
0,1,0,0,1,0/104118276
1,0,1,0,0,0/104745215
0,0,0,1,0,1/105395374
0,0,0,1,1,0/106045532
0,0,0,1,0,1/106672471
0,1,0,0,0,0/107299410
0,0,0,0,1,0/107949569
0,0,0,1,0,0/108599727
0,0,1,0,0,1/109203446
0,0,1,0,1,0/109853605
0,1,0,0,1,0/110503764
0,0,1,0,1,0/111153922
1,0,1,0,0,0/111780861
1,1,0,0,0,0/112407800
0,0,0,0,1,0/112988299
0,0,1,0,0,0/113684897
0,1,0,1,0,0/114335056
1,0,0,0,0,0/114961995
1,1,0,0,0,0/115612154
0,1,0,0,0,0/116262312
0,0,0,1,0,0/116889251
0,0,0,1,0,1/117516190
0,0,1,0,0,1/118166349
0,0,1,0,0,0/118816507
0,1,0,1,0,0/119443446
0,0,1,0,0,0/120070385
0,1,0,0,1,0/120720544
0,0,0,1,0,0/121347482
0,0,1,0,0,0/121997641
0,0,0,1,0,1/122624580
0,0,1,0,0,0/123251519
0,0,0,1,0,0/123901678
1,0,0,0,0,0/124551836
0,1,0,0,0,0/125178775
0,0,0,1,0,0/125828934
1,0,0,1,0,0/126455873
0,0,0,0,1,0/127082811
0,0,1,0,0,0/127732970
0,0,1,0,0,1/128383129
1,0,1,0,0,0/129010068
1,0,0,1,0,0/129660226
0,0,0,1,0,0/130287165
0,0,1,0,0,1/130937324
1,0,0,0,0,1/131564263
0,0,0,0,1,0/132214421
0,0,1,0,1,0/132841360
1,0,0,0,0,1/133491519
0,0,0,0,1,0/134118458
0,0,1,0,0,0/134768616
0,0,0,1,1,0/135395555
1,0,1,0,0,0/136045714
1,0,0,0,0,0/136672653
1,0,1,0,0,0/137322811
0,0,1,0,1,0/137949750
0,0,0,1,0,0/138599909
1,0,1,0,0,0/139226848
0,0,1,0,0,0/139877006
0,0,0,1,0,1/140503945
0,0,1,0,0,1/141130884
0,0,0,1,0,1/141781043
1,0,0,1,0,0/142407981
0,1,0,0,0,0/143058140
0,0,0,1,0,1/143708299
0,0,0,0,0,1/144335238
1,0,0,0,0,0/144985396
0,0,0,0,1,0/145612335
0,1,0,1,0,0/146262494
0,0,0,1,0,0/146889433
0,1,0,1,0,0/147539591
0,0,0,0,0,1/148166530
0,0,0,0,1,0/148816689
1,0,0,0,0,0/149443628
0,0,0,1,0,1/150093786
0,1,0,0,0,0/150720725
0,0,0,1,1,0/151370884
0,1,0,0,0,0/151997823
1,0,0,0,0,0/152647981
0,1,0,0,0,0/153274920
1,0,0,1,0,0/153925079
1,0,0,0,0,1/154552018
0,1,0,0,0,0/155202176
1,0,1,0,0,0/155829115
0,0,0,0,1,0/156479274
0,0,1,0,1,0/157106213
0,1,0,1,0,0/157733151
0,0,1,0,0,1/158383310
0,1,0,0,0,0/159033469
0,0,0,1,1,0/159660408
1,0,0,0,0,0/160287346
1,1,0,0,0,0/160937505