1,0,1,0,1,0/603718
1,0,0,0,0,0/1277097
0,1,0,0,0,0/1950476
0,0,1,0,0,0/2623854
0,0,1,0,0,1/3274013
1,0,0,0,0,0/3947392
1,1,0,0,0,0/4620770
0,1,0,0,0,0/5294149
0,0,0,1,1,0/5967528
0,1,0,0,1,0/6617687
0,0,1,0,0,1/7291065
1,0,1,0,0,0/7964444
0,1,0,0,0,0/8614603
0,1,0,1,0,0/9287981
1,0,0,1,0,0/9961360
1,1,0,0,0,0/10611519
1,0,0,1,0,0/11261678
0,0,1,0,1,0/11935056
0,0,0,1,1,0/12608435
0,1,0,0,1,0/13258594
0,0,0,1,0,1/13908752
0,0,0,0,1,0/14605351
0,0,1,0,0,1/15278730
0,0,1,0,1,0/15928888
0,0,0,1,1,0/16602267
0,1,0,1,0,0/17275646
0,0,0,0,0,1/17925804
0,0,1,0,0,0/18599183
1,0,0,1,0,0/19249342
0,0,1,0,0,1/19922721
0,1,0,0,0,0/20619319
0,0,0,1,1,0/21269478
1,0,0,0,0,0/21942857
0,0,1,0,0,0/22593015
0,0,0,1,0,0/23289614
1,1,0,0,0,0/23939773
1,0,0,1,0,0/24589931
1,0,0,0,0,1/25263310
0,0,0,1,0,0/25936689
1,0,0,1,0,0/26610068
0,1,0,1,0,0/27260226
0,0,1,0,0,1/27933605
0,0,0,0,1,0/28606984
0,0,1,0,0,0/29280362
0,0,0,0,0,1/29930521
1,0,0,1,0,0/30603900
0,0,0,0,1,0/31277278
0,0,1,0,0,0/31950657
1,0,1,0,0,0/32600816
0,0,1,0,0,1/33274195
0,0,0,1,0,0/33947573
0,1,0,0,1,0/34620952
0,0,0,0,1,0/35271111
0,0,0,1,0,1/35921269
0,1,0,0,0,0/36594648
0,1,0,1,0,0/37268027
0,0,1,0,1,0/37941405
1,0,0,0,0,0/38591564
1,1,0,0,0,0/39264943
0,0,1,0,0,0/39938321
0,0,0,1,0,0/40588480
0,1,0,1,0,0/41261859
0,1,0,0,1,0/41935238
0,0,0,0,1,0/42608616
0,1,0,0,0,0/43281995
1,0,0,0,0,0/43955374
1,1,0,0,0,0/44605532
0,0,0,0,0,1/45278911
1,0,0,1,0,0/45952290
0,1,0,1,0,0/46625668
0,0,1,0,0,1/47275827
0,0,1,0,1,0/47949206
1,1,0,0,0,0/48622585
0,0,1,0,0,0/49295963
1,0,0,0,0,0/49946122
0,1,0,0,0,0/50619501
0,0,0,0,1,0/51292879
1,0,0,1,0,0/51966258
0,1,0,0,0,0/52616417
0,0,1,0,0,1/53289795
1,0,0,0,0,0/53939954
0,0,0,0,1,0/54590113
1,1,0,0,0,0/55263492
0,0,0,0,1,0/55936870
0,1,0,0,0,0/56587029
0,0,1,0,1,0/57260408
1,0,0,0,0,0/57933786
1,0,0,0,0,1/58607165
0,1,0,0,0,0/59280544
0,0,1,0,1,0/59930702
0,0,0,1,1,0/60604081
1,0,0,1,0,0/61277460
0,0,1,0,1,0/61927619
0,1,0,0,0,0/62600997
1,0,0,1,0,0/63274376
0,1,0,0,0,0/63947755
0,0,0,0,1,0/64597913
1,0,0,0,0,0/65271292
1,0,1,0,0,0/65944671
0,1,0,1,0,0/66594829
1,0,0,0,0,1/67244988
0,0,1,0,0,1/67941587
0,0,0,0,1,0/68614965
0,0,0,1,0,0/69265124
0,0,0,0,1,0/69938503
1,0,0,0,0,0/70588662
0,0,0,1,1,0/71262040
0,0,1,0,0,0/71935419
1,1,0,0,0,0/72585578
0,0,0,1,1,0/73258956
1,0,0,0,0,0/73932335
0,0,0,1,0,0/74605714
0,0,1,0,0,0/75279092
1,1,0,0,0,0/75929251
0,1,0,1,0,0/76602630
0,1,0,0,0,0/77276009
0,0,1,0,0,0/77926167
1,1,0,0,0,0/78599546
0,0,1,0,1,0/79249705
0,0,1,0,0,0/79923083
0,0,0,0,1,0/80596462
1,0,0,1,0,0/81269841
1,0,1,0,0,0/81943219
0,1,0,1,0,0/82616598
1,0,1,0,0,0/83266757
0,0,0,1,1,0/83940136
0,0,0,1,0,0/84613514
0,1,0,0,0,0/85263673
0,0,1,0,1,0/85937052
1,0,0,0,0,1/86587210
1,0,1,0,0,0/87260589
0,1,0,1,0,0/87933968
0,0,1,0,0,0/88584126
0,0,0,1,0,0/89257505
0,0,1,0,0,0/89930884
0,0,0,1,0,0/90604263
1,1,0,0,0,0/91277641
0,1,0,1,0,0/91927800
1,0,0,1,0,0/92601179
1,0,0,0,0,1/93274557
0,1,0,1,0,0/93924716
0,0,0,0,0,1/94598095
1,0,0,0,0,1/95271473
0,1,0,0,1,0/95921632
1,1,0,0,0,0/96595011
0,0,1,0,0,1/97268390
0,1,0,1,0,0/97941768
0,0,1,0,1,0/98615147
0,0,0,0,0,1/99265306
1,0,0,0,0,0/99938684
0,0,1,0,0,1/100612063
0,0,1,0,0,0/101285442
0,1,0,0,0,0/101958820
0,0,0,1,0,1/102632199
0,0,0,0,1,0/103282358
0,0,1,0,1,0/103955736
0,1,0,0,0,0/104629115
0,0,1,0,0,0/105279274
0,0,0,1,0,1/105952653
1,0,1,0,0,0/106626031
0,1,0,1,0,0/107276190
0,0,1,0,0,0/107949569
0,0,0,0,1,0/108622947
0,0,1,0,0,1/109296326
0,1,0,1,0,0/109923265
0,0,1,0,0,1/110596643
0,0,1,0,1,0/111270022
1,0,0,0,0,1/111920181
1,0,1,0,0,0/112593560
1,0,0,0,0,1/113290158
0,1,0,0,1,0/113963537
0,0,1,0,0,0/114613696
1,0,0,0,0,0/115263854
1,0,0,0,0,1/115937233
1,0,0,0,0,0/116610612
0,0,0,0,1,0/117260770
0,1,0,1,0,0/117934149
0,1,0,0,1,0/118630748
1,0,1,0,0,0/119304126
1,0,0,1,0,0/119954285
1,0,1,0,0,0/120581224
1,0,0,1,0,0/121277823
1,0,0,0,0,1/121951201
1,0,0,0,0,0/122601360
1,0,1,0,0,0/123274739
1,0,0,1,0,0/123971337
0,1,0,0,1,0/124644716
0,0,0,0,1,0/125294875
0,0,1,0,1,0/125921814
0,0,0,1,1,0/126595192
0,1,0,1,0,0/127268571
1,1,0,0,0,0/127918730
1,0,0,0,0,1/128592108
0,0,1,0,0,0/129265487
0,0,0,1,0,1/129938866
0,0,1,0,1,0/130612244
1,0,0,1,0,0/131262403
1,1,0,0,0,0/131935782
0,0,0,0,1,0/132632380
1,1,0,0,0,0/133282539
0,1,0,1,0,0/133955918
0,0,1,0,0,0/134606077
0,1,0,0,1,0/135279455
0,0,1,0,1,0/135952834
0,0,0,0,1,0/136602993
0,0,0,1,0,0/137276371
0,0,1,0,0,1/137949750
1,0,0,0,0,0/138623129
0,1,0,1,0,0/139273287
1,0,0,0,0,1/139946666
0,0,1,0,0,0/140596825
1,0,0,0,0,0/141270204
0,1,0,1,0,0/141920362
0,0,0,1,0,0/142593741
0,0,1,0,0,1/143313560
1,0,0,1,0,0/143963718
0,0,1,0,0,0/144613877
0,0,1,0,0,1/145264036
0,1,0,1,0,0/145937414
0,0,1,0,1,0/146610793
1,1,0,0,0,0/147260952
0,0,0,1,0,0/147934331
0,0,0,0,0,1/148607709